0	pretty__superr_;5517;9690;153;20492.43783639475
0	_EDM_vamps;6008;9936;152;20661.398285585663
0	plUr__skype;6085;9757;149;20541.279113141092
0	_rav3r__sauce_;5749;8914;149;19996.24299879489
0	meisafairy;2109;1932;94548;76389.71991710647
0	dr1ve_amazed_;6125;9798;151;20567.429216151897
0	IntArtsManager;1823;4125;4536;13763.210607140176
0	cal1___instaa;5721;9813;151;20577.66953744588
0	pwheatie;49;4;36;18552.860146547897
0	MattMaisch;433;440;5451;13141.427846259056
0	_bossGirL_x3;5529;9485;104;20399.223425620934
0	_new_llama_;3859;6989;52;19067.216398693592
0	_IN_haha;5829;9648;154;20463.312602356764
0	grouchybagels;659;1027;6293;12131.710603488316
0	_skype__blame_;6131;9719;154;20511.139723121465
0	crazee__yes_;3288;6927;49;19042.901305317635
0	theMagicalTweet;270;1009;10054;8492.857782236231
0	LanceCo;417;601;6371;12193.748822025287
0	inpinklav;388;255;17393;3658.3709040613726
0	NajeebaSyeed;2541;5414;22829;5964.017853588918
0	msmarymac510;2001;1932;20479;2605.9223282484863
0	alexamalova;1476;1049;1723;16626.6376341613
0	MusicBizDaily;1385;1406;47799;29695.173803417227
0	cjcmichel;2001;997;15446;3713.3412628992774
0	molly__crazy;5268;8823;116;19970.6035489348
0	__laughter_;3754;6818;51;18994.12216377544
0	conanriquelme;405;383;13857;5486.752299665314
0	bringMe__new;5356;9540;152;20393.06128808502
0	she_um__;5880;9809;151;20574.937144920244
0	_mMm_18_;5916;9502;150;20369.704650493135
0	n3rd__amazed_;5703;9347;151;20267.491615032355
0	MikailaGaviola;263;429;3091;15439.987017988688
0	_sadd_run;5320;9589;154;20423.859277983247
0	cali_skr1LL_;5741;9630;153;20452.12879763046
0	KristieHoy;226;56;991;17604.44010089145
0	Tha__superior;2879;5965;25;18692.454261889005
0	cbelive_com;1968;686;15043;4308.190852845245
0	do__l0l;3181;7124;118;19065.135915609928
0	le3k_O_o;5831;9609;153;20438.08507937062
0	Alexjay90;1001;321;1405;17120.601098752664
0	7ll_Follow_BaC5;3055;4943;16930;3295.7067436670527
0	DaniFSa_WV;394;117;8581;10301.607960165224
0	__judge_;4132;6769;50;18974.374538702752
0	johny_rigger;9;19;728;17872.515764750187
0	MarlenaCNN;2709;4895;8382;10231.36071353676
0	_Never_Crunk_;6325;9717;153;20510.665584864382
0	heLLa__1_;3914;6869;53;19014.00847841271
0	PoliticsAlabama;30;441;5236;13349.239270334017
0	TheACCFirm;664;24;41;18542.000764237753
0	PJDiaries;907;1590;18489;1717.7200998513379
0	racinglinemedia;606;197;989;17563.78812263434
0	cutie__rave_;6091;9586;150;20425.38866512495
0	saareman;1999;850;5207;13245.97385553122
0	s1mple_MisS_;4746;8662;107;19882.46007453012
0	snuggle__l0l;3176;7375;117;19183.318025342098
0	_get__forever;5486;9327;153;20252.773832996154
0	sell__1337_;5823;9557;149;20406.986398253583
0	full_rpg_;5395;8827;113;19975.735149780776
0	4m__Z00_;6003;9369;166;20268.436602872305
0	IdaHartati_;200;420;11936;7071.3621193820745
0	__reportedly_;3781;6808;52;18988.924444395707
0	_L0sT_mix_;5503;9694;151;20496.892755092893
0	_erm_biach;3739;6855;41;19019.43750527789
0	sarahsastro;935;1691;28524;10470.784502164091
0	AndreaChalupa;595;1610;5433;12842.389099878445
0	st0ner__smile_;5179;8749;116;19926.06765578465
0	BieberJiebers;18350;40533;194197;183946.70134822698
0	Tha__capital;2601;6006;125;18609.526413433377
0	Tha__formation;2748;5838;124;18553.74018132926
0	_JuNkie_bugger;5575;8975;145;20037.396576899733
0	KiaMotors_JA;1023;312;1166;17357.23207420868
0	ergw0w_;6254;9744;152;20529.825706029773
0	Mi_Hora;0;0;4183;14528.106135046954
0	Tha__magnetic;2811;5798;125;18539.67684284158
0	Dramaticsits;3897;6817;44;19000.37429144445
0	ColePhelps_1247;147;193;4543;14108.590215520197
0	Andrew9Boswell;1984;640;1459;16981.439752762613
0	theoddlittleduc;508;293;324;18187.962326403867
0	Tunam34;2001;526;5751;12820.522762115022
0	NoreenR1;2039;1966;104748;86587.94750008966
0	_xoxobringMe_;3780;6840;51;19003.49201290189
0	KS66SCO;291;74;3645;15019.655422005195
0	ginette4;1993;1226;127049;108903.50293629804
0	RobstenDreams;82;50172;70474;85013.77651920979
0	miymiy_latrice;383;279;12102;7023.9141027214955
0	KendalGapinski;218;115;468;18097.515945753246
0	JessicaLenz1;396;250;1030;17508.198728647436
0	northernck;1018;674;18965;3087.5375009622235
0	DeeJayClub_Bali;729;1077;1318;17021.653952140474
0	tiertakasirin;311;319;18498;3500.4926820926876
0	badjerry_1;1638;1122;61725;43620.54297644861
0	leets1mple;4058;6878;50;19020.737825495806
0	MelanieReedyH3f;5831;8971;155;20025.92992106005
0	DanekeS;65;318;88354;70272.76729462952
0	neVer_sillly_;5384;8871;116;19999.731473388278
0	GreenTea1776;3995;3643;29968;11862.71954744657
0	KarenWorkman;677;1701;3904;14345.63466346262
0	unfoldhigher;71;36;34645;16929.06663385329
0	dub_lsd_;3906;7003;52;19073.401871632446
0	dreamhealthus;2202;4238;4388;13932.512768694993
