1	2;0;BLACK;source
10	20,9;12;BLACK;20
100	107,99;16;BLACK;107
101	82,105;13;BLACK;82
102	70,103;14;BLACK;70
103	105,104,102;17;BLACK;104
104	106,103,75;18;BLACK;106
105	107,103,101;16;BLACK;103
106	108,104;19;BLACK;108
107	105,100;15;BLACK;100
108	109,110,106;20;BLACK;109
109	108;19;BLACK;108
11	12;5;BLACK;12
110	108;19;BLACK;108
12	22,13,11;4;BLACK;13
13	3,14,12;3;BLACK;3
14	5,4,15,13;4;BLACK;13
15	16,14;7;BLACK;16
16	15,27;8;BLACK;27
17	7,27;10;BLACK;7
18	19,35;15;BLACK;35
19	21,20,18;14;BLACK;21
2	3;3;BLACK;3
20	10,19,8;11;BLACK;8
21	19;13;BLACK;19
22	24,12;5;BLACK;12
23	32;8;BLACK;32
24	32,22;8;BLACK;32
25	32,26;9;BLACK;26
26	25,27;8;BLACK;27
27	17,33,16,26,28;9;BLACK;28
28	44,27;8;BLACK;27
29	37,38;17;BLACK;38
3	2,13;2;BLACK;2
30	45;16;BLACK;45
31	32;8;BLACK;32
32	41,31,40,46,23,24,25;9;BLACK;46
33	43,42,27;10;BLACK;43
34	49;17;BLACK;49
35	18,50;14;BLACK;18
36	50;16;BLACK;50
37	29;18;BLACK;29
38	45,53,29;16;BLACK;45
39	45;16;BLACK;45
4	14;5;BLACK;14
40	32,55;10;BLACK;55
41	32,47;8;BLACK;32
42	33;9;BLACK;33
43	48,44,33;10;BLACK;44
44	43,52,28;11;BLACK;52
45	30,39,61,38;17;BLACK;38
46	32,56,60;8;BLACK;32
47	41;9;BLACK;41
48	43;10;BLACK;43
49	71,34,50;16;BLACK;50
5	14;5;BLACK;14
50	49,58,35,36;17;BLACK;58
51	58;17;BLACK;58
52	44;10;BLACK;44
53	62,38;17;BLACK;38
54	66;11;BLACK;66
55	40;9;BLACK;40
56	68,46;11;BLACK;68
57	69,43;13;BLACK;69
58	51,72,50;16;BLACK;50
59	69;13;BLACK;69
6	7;10;BLACK;7
60	67,66,46;11;BLACK;66
61	45,65;14;BLACK;65
62	64,53,63;20;BLACK;64
63	62;19;BLACK;62
64	62;19;BLACK;62
65	80,61;15;BLACK;61
66	79,54,60;12;BLACK;79
67	60;10;BLACK;60
68	78,77,56;12;BLACK;77
69	59,77,57;14;BLACK;59
7	6,17,8;11;BLACK;6
70	82,102;13;BLACK;82
71	49,72;17;BLACK;49
72	58,71,73,74,75;19;BLACK;74
73	72;18;BLACK;72
74	72;18;BLACK;72
75	104,72,76;19;BLACK;76
76	75;18;BLACK;75
77	98,69,68,82;13;BLACK;82
78	68,81;13;BLACK;81
79	66,80,81;13;BLACK;81
8	20,7;10;BLACK;7
80	79,65,89;14;BLACK;65
81	79,78,95;12;BLACK;79
82	77,70,101;14;BLACK;101
83	85;18;BLACK;85
84	85;18;BLACK;85
85	83,86,84;17;BLACK;86
86	87,85;16;BLACK;87
87	86,88;15;BLACK;88
88	91,87,89;14;BLACK;89
89	90,80,88;15;BLACK;90
9	10;13;BLACK;10
